key
-59
-58
-57
-56
-55
-53
-51
-50
-49
-48
-46
-45
-44
-42
-41
-40
-39
-38
-37
-36
-35
-34
-33
-32
-31
-30
-29
-28
-27
-26
-25
-24
-23
-22
-21
-20
-19
-18
-17
-16
-15
-14
-13
-12
-10
-9
-8
-7
-6
-5
-4
5
6
7
8
9
10
12
13
14
15
16
17
18
19
20
22
23
25
26
27
28
29
30
31
32
33
35
36
37
38
39
40
41
42
43
44
45
46
47
49
51
52
53
54
55
56
57
58
-47
-43
11
24
34
48
50
59
-52
-11
21
-54
4
-3
-2
3
2
-1
1
0
value
1
4
6
9
13
18
24
31
33
32
44
43
53
63
65
77
78
80
93
98
96
111
121
121
138
134
141
152
164
175
193
91
106
118
125
137
162
166
196
199
200
154
168
164
147
148
140
140
142
145
252
154
137
153
137
153
151
153
153
163
206
205
180
160
160
148
125
98
174
183
161
158
154
141
137
118
119
112
98
93
93
78
63
78
67
52
58
52
44
38
30
29
20
15
13
13
8
6
6
37
60
146
101
112
39
27
2
21
152
117
9
227
216
183
196
149
132
92
53
