key
0
-1
13
12
11
10
9
8
7
6
5
4
3
2
1
-2
-3
-4
-5
-6
-7
-8
-9
-10
-11
-12
-13
-14
18
17
16
15
14
-15
-16
-17
-18
-19
22
20
19
-20
-21
-22
-23
25
24
23
21
-24
-25
27
26
-26
-27
-28
29
28
-29
-30
-31
31
30
-32
-33
33
32
-35
34
-34
-36
36
-37
37
35
-38
-39
38
-40
39
-41
40
-42
41
-43
42
-44
-45
43
44
-46
45
-47
46
-48
-49
47
48
-50
-51
49
50
-52
-53
value
99
57
33
37
37
36
43
40
47
47
45
34
39
37
39
18
40
37
49
46
44
44
45
37
38
33
38
26
44
46
42
46
35
50
45
42
42
42
34
43
37
36
40
35
35
47
31
42
35
33
40
32
31
37
37
43
32
33
32
37
32
33
31
36
33
28
29
28
33
29
31
22
26
24
23
25
22
17
23
23
22
20
14
15
18
16
13
14
11
11
12
9
11
10
14
9
6
9
10
7
2
3
3
2
